463863815
463863815
236978185
236978185
1303379983
1303379983
107479058
107479058
453902360
453902360
470548509
470548509
192938017
192938017
192938017
22282276
22282276
2097191
2097191
241172528
241172528
97255483
453902360
453902360
470548509
470548509
192938017
192938017
22282276
22282276
2097191
2097191
453902360
453902360
470548509
470548509
192938017
192938017
22282276
22282276
2097191
2097191
17563677
17563677
39190588
39190588
301203521
301203521
68419650
68419650
14680132
14680132
171180101
171180101
17563677
17563677
515375177
515375177
17694801
17694801
521011293
521011293
1251213408
1251213408
199360610
199360610
374603876
374603876
111149157
111149157
111149157
1296564331
1296564331
277610611
277610611
531628151
531628151
276168824
111149157
111149157
1296564331
1296564331
277610611
277610611
531628151
531628151
276168824
111149157
111149157
1296564331
1296564331
277610611
277610611
531628151
531628151
276168824
